1 2 6 4 5 8 9 7 3
9 3 1 7 8 6 4 2 5
2 6 5 9 1 8 7 4 3
8 3 6 9 4 2 1 5 7
1 6 3 7 4 8 5 2 9
9 6 2 8 1 3 5 4 7
6 3 8 4 1 9 5 7 2
2 5 3 4 6 8 7 9 1
8 1 2 4 3 5 6 9 7
6 2 1 4 8 3 5 9 7
6 8 2 7 3 1 5 4 9
4 8 7 2 3 1 5 6 9
8 2 7 6 5 3 4 9 1
6 4 5 3 8 2 7 1 9
1 5 4 3 9 6 8 7 2
7 3 5 6 2 1 8 4 9
5 2 7 9 8 1 6 4 3
5 1 2 7 3 8 9 6 4
9 8 4 7 6 2 5 1 3
3 6 5 2 7 8 1 4 9
9 8 7 3 4 1 6 5 2
5 3 7 4 1 9 8 2 6
8 2 9 7 1 5 4 3 6
8 5 6 2 4 9 7 1 3
8 3 7 4 1 6 9 2 5
8 3 5 4 9 6 2 7 1
9 2 4 3 6 7 5 8 1
4 9 7 2 8 1 6 5 3
6 8 2 3 9 1 4 7 5
7 8 9 4 6 5 1 2 3
